82289, FYS 101 01, FIRST SEMINAR:LIT/VIS & PER AR: 
78504494
78590686
78591908
78594676
78594783
78600031
78603004
78604091
78605381
78609491
78610355
78610769
78611019
78611376
78611401
78612041
78612280
78612337

82293, FYS 101 02, FIRST SEMINAR:LIT/VIS & PER AR: 
78610711
78613008
78613083
78613501
78614041
78614359
78614541
78614704
78615441
78615862
78616074
78616112
78616183
78616530
78616744
78616794
78616806
78616809

82497, FYS 101 05, FIRST SEMINAR:LIT/VIS & PER AR: 
78583212
78609293
78613525
78613703
78614538
78615903
78616679
78616883
78616887
78617004
78617044
78617590
78617603
78617734
78618187
78618310
78618526
78618781

82574, FYS 101 06, FIRST SEMINAR:LIT/VIS & PER AR: 
78611157
78613698
78618903
78618912
78618954
78618982
78618993
78618995
78619027
78619137
78619308
78619733
78619848
78619865
78620201
78620307
78620335
78620348

82576, FYS 101 07, FIRST SEMINAR:LIT/VIS & PER AR: 
78597130
78603784
78618049
78620283
78620589
78620809
78620819
78620952
78621274
78621286
78621577
78621789
78621816
78621825
78621871
78622287
78622294
78622325

82580, FYS 101 08, FIRST SEMINAR:LIT/VIS & PER AR: 
78597463
78618468
78619508
78622383
78622522
78622538
78622810
78622839
78622840
78622851
78622858
78622865
78622898
78622899
78622903
78622919
78622927
78622983

82602, FYS 101 09, FIRST SEMINAR:LIT/VIS & PER AR: 
78609741
78610152
78621819
78623010
78623018
78623032
78623052
78623057
78623099
78623141
78623437
78623537
78623864
78623896
78624334
78624356
78624442
78624670

82603, FYS 101 10, FIRST SEMINAR:LIT/VIS & PER AR: 
78598481
78618273
78620506
78625009
78625035
78625048
78625129
78625929
78626266
78626522
78626702
78627007
78627025
78627302
78627324
78628028
78628154
78628588

82646, FYS 101 11, FIRST SEMINAR:LIT/VIS & PER AR: THIS COURSE HAS FEWER THAN 10 STUDENTS! 
78628588
78628588
78628588
78628588
78628588
78628588

82967, FYS 101 12, FIRST SEMINAR:LIT/VIS & PER AR: THIS COURSE HAS FEWER THAN 10 STUDENTS! 

